pos/1677175029.6496103.jpg 4 772 572 27 40 900 572 40 27 683 386 25 37 685 311 29 46
pos/1677175032.7161117.jpg 4 787 372 33 39 919 372 42 27 700 184 27 40 702 111 31 48
pos/1677175034.8015342.jpg 4 622 237 30 40 624 168 31 44 709 426 32 40 840 426 44 28
pos/1677175038.4655337.jpg 4 328 642 31 39 457 642 44 25 240 452 29 42 241 381 31 48
pos/1677175043.2403507.jpg 4 780 568 27 39 864 567 28 40 990 568 44 26 639 567 39 27
pos/1677175046.0636811.jpg 3 1524 245 41 29 1667 245 27 39 1750 245 27 41
pos/1677175049.4351797.jpg 4 636 231 41 25 507 229 26 41 423 228 29 41 281 230 39 26
pos/1677175052.963677.jpg 4 784 466 28 40 641 465 41 30 868 467 27 37 997 467 39 25
pos/1677175066.5002835.jpg 4 930 439 29 39 934 364 26 53 1020 626 27 41 1147 628 42 25
pos/1677175069.2997844.jpg 4 1448 517 24 41 1450 445 26 45 1535 705 27 37 1665 704 40 28
pos/1677175073.2477953.jpg 4 444 579 27 39 448 504 26 51 534 767 26 38 663 768 40 25
pos/1677175077.951283.jpg 2 1111 90 29 41 1241 91 40 26
pos/1677175084.436784.jpg 4 706 166 28 38 838 167 36 25 624 166 28 40 481 165 43 28
pos/1677175087.5117836.jpg 4 725 16 28 38 856 16 39 27 644 16 25 39 502 15 37 28
pos/1677175096.1298146.jpg 1 1716 5 40 27
pos/1677175100.5728202.jpg 2 724 28 41 26 594 28 26 38
pos/1677175105.2503881.jpg 2 1137 2 26 39 1267 2 38 27
pos/1677175112.0924551.jpg 3 1672 85 28 49 1670 159 26 39 1760 346 24 37
pos/1677175117.4520671.jpg 2 695 646 28 51 693 721 27 38
pos/1677175122.1660645.jpg 2 178 587 40 24 48 584 28 41
pos/1677175125.1895723.jpg 4 813 400 26 42 816 329 25 49 902 590 26 39 1030 591 39 26
pos/1677175127.1070645.jpg 4 942 476 26 48 939 549 26 38 1027 735 27 41 1155 737 41 27
pos/1677175129.7025669.jpg 3 993 217 29 41 1122 219 41 26 905 28 28 43
pos/1677175132.6340623.jpg 4 1505 222 26 45 1502 292 25 41 1590 480 27 40 1721 482 38 26
pos/1677175135.3105643.jpg 4 463 433 26 39 592 432 38 28 375 244 24 41 376 173 28 46
pos/1677175138.0170655.jpg 4 825 389 25 48 820 462 29 38 911 647 27 43 1040 648 42 29
pos/1677175140.4220636.jpg 4 1260 554 27 41 1264 482 28 49 1351 742 28 41 1478 742 43 26
pos/1677175143.1660655.jpg 4 398 330 44 30 271 331 30 40 182 140 29 44 184 66 31 54
pos/1677175146.2375622.jpg 4 1182 269 28 39 1310 268 44 28 1093 78 28 43 1094 7 32 49
pos/1677175151.0810633.jpg 4 348 688 29 42 476 689 45 25 267 689 27 40 123 689 43 26
pos/1677175155.2100637.jpg 4 780 751 28 41 638 752 41 27 862 752 32 40 990 752 46 26
pos/1677175158.233582.jpg 4 755 217 43 27 627 216 30 41 543 216 32 39 403 217 42 28
pos/1677175162.2330627.jpg 4 1348 411 43 28 1493 411 30 39 1575 407 28 43 1701 410 45 29
pos/1677175166.206063.jpg 4 294 638 27 42 419 639 46 31 212 640 27 44 68 641 46 24
pos/1677175173.3397474.jpg 4 878 708 40 26 1019 708 32 37 1105 710 28 38 1231 707 49 26
